0220:0314,0336,0204,0330,0330,0204,0332,0332,0204,0331,0331,0204,0333,0333,0337,
0221:0314,0336,0220,0330,0330,0220,0332,0332,0220,0331,0331,0220,0333,0333,0337,
0222:0314,0336,0221,0330,0330,0221,0332,0332,0221,0331,0331,0221,0333,0333,0337,
0223:0314,0336,0222,0330,0330,0222,0332,0332,0222,0331,0331,0222,0333,0333,0337,
0224:0314,0336,0223,0330,0330,0223,0332,0332,0223,0331,0331,0223,0333,0333,0337,
0225:0362,0203,0335,0203,0203,0336,0203,0334,0203,0335,0350,0335,0310,0337,0203,0203,0335,0335,0203,0203,0335,0335,0335,0336,0203,0334,0334,0304,0313,0203,0337,0203,0203,0335,0363,
0226:0334,0327,0227,0335,0335,0323,0334,0334,0330,0334,0227,0330,0334,0322,0227,0330,0334,0326,0227,0330,0334,0324,0227,0330,0334,0304,0335,0313,0320,
0227:0305,0311,0362,0203,0335,0350,0335,0337,0203,0335,0335,0335,0335,0203,0363,0320,0335,0335,0335,0336,0321,0362,0203,0335,0335,0335,0337,0203,0335,0335,0335,0335,0203,0364,0335,0335,0335,0336,0305,
0230:0306,0335,0336,0330,0337,0366,0336,0331,0334,0304,0337,0333,0333,0333,0336,0306,0334,0330,0337,0367,0336,0336,0350,0335,0336,0362,0203,0334,0334,0334,0334,0203,0334,0334,0334,0334,0203,0363,0335,0304,0335,0335,0337,0337,0331,0306,0350,0335,0335,0304,0337,0332,0332,0332,
0231:0335,0306,0350,0334,0336,0330,0337,0366,0336,0331,0335,0335,0330,0337,0367,0336,0336,0336,0334,0362,0203,0335,0335,0335,0335,0203,0335,0335,0335,0335,0203,0363,0334,0337,0337,0330,0334,0304,0335,0337,
0232:0336,0336,0336,0336,0347,0337,0337,0337,0337,
0233:0304,0314,0336,0201,0335,0331,0201,0201,0334,0332,0330,0335,0331,0201,0201,0334,0332,0201,0337,0313,
0234:0336,0336,0336,0330,0341,0331,0337,0337,0337,
0235:0335,0336,0336,0336,0362,0203,0335,0350,0335,0310,0337,0203,0335,0335,0203,0335,0335,0335,0336,0203,0364,0304,0334,0313,0337,0337,0337,
0241:0336,0330,0335,0336,0331,0337,0322,0362,0203,0350,0335,0203,0335,0203,0335,0203,0335,0203,0335,0203,0335,0203,0335,0203,0363,0320,0335,0201,0335,0201,0335,0201,0335,0201,0335,0201,0335,0201,0335,0201,0335,0201,0335,0336,0330,0304,0334,0337,0331,0337,
0242:0336,0325,0347,0320,0341,0337,
01220:0333,0200,0220,0313,
01221:0333,0200,0221,0313,
01222:0333,0200,0222,0313,
01223:0333,0200,0223,0313,
01224:0333,0200,0224,0313,
01225:0333,0200,0336,0330,0330,0332,0332,0225,0333,0333,0331,0331,0337,
01226:0333,0200,0336,0336,0330,0330,0332,0336,0330,0332,0332,0226,0337,0337,0333,0331,0336,0336,0331,0337,0337,0337,
01227:0333,0200,0336,0332,0337,0336,0332,0336,0330,0337,0227,0304,0313,0336,0331,0337,0337,0333,
01230:0333,0200,0336,0332,0332,0336,0330,0330,0230,0337,0331,0337,0333,
01231:0333,0200,0332,0336,0330,0231,0333,0333,0331,0337,
01232:0333,0200,0336,0330,0332,0337,0232,0336,0333,0331,0337,
01233:0333,0200,0336,0332,0337,0233,0336,0333,0337,0331,
01234:0333,0200,0336,0330,0332,0234,0333,0331,0337,
01235:0333,0200,0336,0330,0332,0337,0235,0336,0333,0331,0337,
01240:0333,0200,0336,0332,0332,0240,0333,0333,0337,
01241:0333,0200,0330,0336,0331,0332,0241,0333,0331,0337,
01242:0333,0200,0336,0330,0332,0242,0333,0331,0337,
