0220:0270,0130,0271,
0221:0270,0131,0271,
0222:0270,0132,0271,
0223:0270,0110,0271,
0224:0270,0123,0271,
0225:0270,0124,0271,0304,
0226:0336,0336,0336,0333,0337,0337,0337,
0227:0336,0336,0336,0362,0203,0226,0226,0226,0203,0364,0304,0337,0337,0337,
0230:0335,0342,0333,0342,0334,0336,0333,0336,0336,0341,0335,0335,0342,0335,0335,0337,0337,0337,0201,0336,0336,0336,0347,0337,0337,0333,0337,
0231:0335,0342,0333,0342,0336,0330,0334,0337,0342,0336,0336,0350,0335,0342,0335,0335,0342,0335,0335,0342,0335,0335,0342,0335,0337,0337,0330,0336,0336,0335,0342,0335,0335,0342,0335,0335,0342,0335,0335,0342,0335,0304,0337,0333,0337,
0232:0335,0342,0336,0330,0334,0336,0336,0347,0337,0337,0337,0331,0336,0332,0337,0222,0336,0336,0330,0332,0332,0337,0336,0201,0201,0201,0333,0333,0337,0337,
0233:0335,0342,0336,0330,0334,0336,0336,0347,0337,0337,0337,0331,0336,0332,0337,0224,0336,0336,0330,0332,0332,0337,0336,0201,0201,0201,0333,0333,0337,0337,
0234:0335,0342,0333,0342,0333,0342,0334,0336,0333,0336,0336,0341,0331,0201,0337,0337,0337,0201,0342,0336,0336,0336,0347,0337,0337,0337,0330,0336,0336,0336,0347,0337,0337,0333,0337,
0235:0335,0342,0333,0342,0333,0342,0334,0336,0333,0336,0350,0335,0342,0335,0335,0342,0335,0335,0342,0335,0335,0342,0335,0337,0337,0201,0336,0336,0335,0342,0335,0335,0342,0335,0335,0342,0335,0335,0342,0335,0337,0337,0304,0201,0336,0336,0336,0347,0337,0337,0333,0337,
0236:0335,0201,0334,0336,0331,0337,0362,0203,0335,0203,0336,0203,0335,0203,0203,0335,0203,0203,0203,0364,0335,0333,0336,0333,0337,0337,0210,0210,0306,0343,0211,0211,0350,0335,0342,0330,0335,0335,0335,0335,0335,0335,0336,0336,0336,0335,0342,0334,0334,0342,0330,0335,0335,0335,0335,0335,0335,0362,0203,0334,0334,0334,0334,0203,0364,0331,0335,0335,0335,0335,0335,0335,0335,0335,0335,0335,0335,0337,0337,0337,0330,0334,0304,0335,0335,0336,0330,0332,0336,0332,0337,0332,0332,0337,
0237:0335,0201,0334,
0240:0335,0336,0336,0336,0336,0336,0332,0337,0337,0337,0337,0337,0342,0336,0336,0336,0336,0333,0337,0337,0337,0337,0342,0336,0336,0336,0336,0336,0332,0337,0337,0337,0337,0337,0330,0334,
0241:0335,0342,0336,0330,0334,0306,0350,0335,0336,0336,0342,0335,0335,0335,0335,0335,0335,0342,0335,0335,0335,0335,0335,0304,0330,0332,0337,0156,0365,0333,0333,0336,0331,0333,0337,0337,0337,
0242:0336,0336,0336,0336,0332,0337,0330,0333,0337,0337,061,0365,0336,0336,0331,0337,0337,0362,0203,0336,0203,0334,0336,0336,0203,0334,0337,0337,0203,0203,0203,0334,0336,0336,0203,0363,0334,0337,0337,0333,0333,0312,0337,0313,0336,0306,0350,0335,0362,0203,0203,0334,0334,0203,0203,0334,0334,0336,0336,0203,0334,0334,0334,0334,0337,0337,0337,0203,0335,0335,0203,0334,0334,0334,0334,0336,0336,0336,0203,0363,0304,0334,0337,0337,0337,0312,0336,0313,0332,0332,0336,0336,0332,0337,0337,0337,0337,
0243:0336,0336,0336,0336,0332,0337,0330,0333,0337,0337,060,0365,0336,0336,0331,0337,0337,0362,0203,0336,0203,0334,0336,0336,0203,0334,0337,0337,0203,0203,0203,0334,0336,0336,0203,0363,0334,0337,0337,0333,0333,0312,0337,0313,0336,0306,0350,0335,0362,0203,0203,0334,0334,0203,0203,0334,0334,0336,0336,0203,0334,0334,0334,0334,0337,0337,0337,0203,0335,0335,0203,0334,0334,0334,0334,0336,0336,0336,0203,0363,0304,0334,0337,0337,0337,0312,0336,0313,0332,0332,0336,0336,0332,0337,0337,0337,0337,
0244:0332,0332,0332,0220,0221,0222,0223,0224,0225,0330,0332,0332,0332,0332,0332,0332,0336,0331,0336,0333,0337,01121,0333,0226,0226,0226,0226,01127,0333,0226,0226,0226,01105,0333,0226,01122,0333,0226,0226,01124,0333,0226,0226,01131,0332,0332,0332,0332,0332,0332,0331,0336,0333,0337,0337,
0245:0332,0332,0332,0332,0230,0231,0232,0233,0234,0235,0236,0330,0332,0332,0332,0332,0332,0336,0331,0332,0336,0332,0337,01101,0333,0226,0226,0226,0226,0226,01123,0333,0226,0226,01104,0333,0226,0226,01106,0333,01107,0333,0226,0226,0226,01110,0333,0226,0226,0226,0226,0226,0226,01112,
0246:0240,0241,0242,0333,0243,0330,0332,0332,0332,0336,01132,0333,0226,0226,0226,0226,0226,0226,0226,01130,0226,0226,0226,0226,0226,0226,0226,0226,01103,0333,01126,
0270:0336,0336,0335,0201,0334,0331,0333,0333,0337,0200,0336,0332,0336,0330,0332,0337,
0271:0365,0333,0336,0330,0333,0337,0335,0201,0334,0337,0337,
01220:0333,0200,0336,0330,0332,0332,0337,0222,0336,0331,0337,
01221:0333,0200,0336,0330,0332,0332,0337,0223,0336,0331,0337,
01222:0333,0200,0336,0330,0332,0332,0337,0224,0336,0331,0337,
01223:0333,0200,0336,0330,0332,0332,0337,0225,0336,0331,0337,
01224:0333,0200,0336,0330,0332,0332,0337,0226,0336,0331,0337,
01225:0333,0200,0336,0330,0332,0332,0337,0227,0336,0331,0337,
01226:0333,0200,0336,0332,0336,0336,0330,0332,0342,0335,0201,0201,0334,0342,0331,0337,0333,0336,0333,0337,0337,0337,
01227:0333,0200,0336,0332,0337,0227,0336,0333,0337,0331,
01230:0333,0200,0330,0332,0336,0333,0331,0336,0330,0332,0337,0230,0336,0333,0331,0330,0330,0337,0337,0331,
01231:0333,0200,0330,0332,0336,0336,0333,0331,0337,0231,0336,0333,0330,0337,0337,0331,
01232:0333,0200,0330,0332,0336,0336,0333,0331,0337,0232,0336,0333,0330,0337,0337,0331,
01233:0333,0200,0330,0332,0336,0336,0333,0331,0337,0233,0336,0330,0333,0337,0337,0331,
01234:0333,0200,0336,0330,0330,0332,0332,0336,0333,0337,0234,0336,0333,0337,0337,0331,
01235:0333,0200,0336,0330,0330,0332,0336,0332,0337,0235,0336,0333,0337,0337,0331,
01236:0333,0200,0336,0330,0332,0332,0332,0336,0333,0337,0336,0333,0211,0211,0236,0210,0210,0337,0331,0337,0333,
01237:0333,0200,0336,0330,0332,0332,0337,0237,0336,0331,0337,
01240:0333,0200,0336,0330,0332,0332,0337,0240,0336,0331,0337,
01241:0333,0200,0336,0330,0332,0332,0337,0241,0336,0331,0337,
01242:0333,0200,0332,0336,0336,0336,0330,0333,0337,0337,0337,0242,0333,0336,0336,0336,0332,0331,0337,0337,0337,
01243:0333,0200,0332,0336,0336,0336,0330,0333,0337,0337,0337,0243,0333,0336,0336,0336,0332,0331,0337,0337,0337,
01244:0333,0200,0332,0336,0330,0337,0244,0336,0331,0337,
01245:0333,0200,
