0220:0306,0334,0336,0366,0333,0333,0333,0334,0334,0334,0367,0335,0304,0335,0335,0331,0331,0331,0337,
0221:0336,0340,0341,0330,0336,0336,0330,0337,0337,0220,0336,0336,0331,0337,0337,0331,0333,0335,0336,0336,0330,0337,0337,0220,0331,0336,0336,0331,0335,0337,0337,0330,0336,0336,0330,0337,0337,0220,0335,0333,0336,0336,0333,0330,0337,0337,0330,0220,0335,0336,0336,0333,0333,0333,0333,0333,0337,0337,0337,
0222:0335,0220,0336,0331,0333,0337,0220,0331,0332,0220,0330,0333,0331,0331,0336,0332,0337,0220,0333,0333,0330,0330,0330,0330,0332,0332,0331,0336,0332,0337,0220,0333,0331,0331,0331,0336,0331,0337,0220,0330,0330,0330,0336,0332,0337,0334,
0223:0336,0336,0201,0335,0201,0201,0201,0330,0201,0335,0201,0201,0201,0330,0201,0335,0201,0201,0201,0330,0201,0335,0201,0201,0201,0330,0337,0337,
0224:0304,0313,0223,0350,0334,0304,0336,0336,0336,0336,0331,0331,0331,0331,0331,0332,0332,0332,0332,0332,0332,0332,0337,0337,0337,0337,0223,0336,0336,0336,0336,0333,0333,0333,0333,0333,0333,0333,0330,0330,0330,0330,0330,0350,0335,0304,0337,0337,0337,0337,
0225:0336,0336,0362,0203,0335,0337,0337,0203,0335,0336,0336,0203,0335,0337,0337,0203,0354,0335,0336,0333,0336,0330,0336,0332,0337,0366,0336,0333,0337,0337,0330,0330,0334,0367,0335,0335,0366,0334,0331,0331,0336,0336,0333,0337,0367,0336,0332,0337,0331,0332,0332,0337,0337,
0226:0225,0335,0335,0330,0330,0332,0225,0335,0335,0336,0332,0336,0332,0336,0332,0337,0337,0337,0337,0342,0336,0336,0333,0336,0333,0337,0337,0337,0342,0336,0336,0330,0330,0330,0330,0332,0332,0336,0336,0333,0337,0337,0337,
0227:0336,0226,0333,0333,0333,0336,0333,0337,0226,0336,0336,0336,0333,0331,0334,0337,0337,0337,0337,0201,0336,0336,0201,0336,0201,0334,0330,0330,0330,0330,0330,0330,0330,0334,0337,0337,0337,0201,0336,0336,0201,0336,0201,0334,0337,0337,0330,0332,0332,0332,0332,0336,0330,0336,0333,0330,0336,0330,0333,0337,0337,0337,
0230:0336,0336,0362,0203,0203,0203,0203,0203,0203,0203,0203,0203,0203,0333,0350,0334,0345,0335,0330,0335,0335,0203,0203,0203,0203,0203,0203,0203,0335,0333,0334,0334,0345,0335,0330,0335,0335,0203,0203,0203,0203,0203,0203,0203,0203,0203,0203,0335,0333,0334,0334,0345,0335,0330,0335,0335,0203,0203,0203,0203,0203,0203,0203,0335,0333,0334,0334,0345,0354,0333,0335,0335,0335,0304,0337,0337,
0231:0336,0336,0362,0203,0203,0203,0203,0203,0203,0203,0203,0203,0203,0333,0350,0334,0345,0335,0330,0335,0335,0203,0203,0203,0203,0203,0203,0203,0335,0333,0334,0334,0345,0335,0330,0335,0335,0203,0203,0203,0203,0203,0203,0203,0203,0203,0203,0335,0333,0334,0334,0345,0335,0330,0335,0335,0203,0203,0203,0203,0203,0203,0203,0335,0333,0334,0334,0345,0363,0333,0335,0335,0335,0304,0337,0337,
0232:0321,0231,0320,0230,
0233:0336,0336,0333,0331,0337,0337,0232,
0234:0336,0233,0233,0233,0233,0233,0233,0332,0330,0332,0336,0336,0330,0333,0333,0330,0337,0337,0337,
0235:0340,0335,0306,0201,0334,0334,0340,0201,0340,0334,0334,0201,0335,0350,0335,0343,0334,0334,0343,0334,0334,0343,0335,0331,0335,0335,0335,0343,0335,0335,0343,0335,0335,0343,0335,0335,0333,0334,0334,0343,0335,0335,0343,0335,0335,0343,0335,0335,0335,0335,0332,0335,0335,0304,0326,0335,0306,0350,0334,0334,0334,0343,0335,0335,0335,0335,0343,0332,0334,0334,0334,0334,0343,0335,0335,0335,0335,0335,0335,0335,0335,0343,0335,0335,0333,0335,0335,0335,0335,0335,0335,0343,0335,0335,0335,0335,0343,0322,0334,0334,0343,0333,0335,0335,0335,0335,0335,0335,0335,0335,0343,0332,0335,0335,0335,0335,0332,0335,0335,0335,0335,0343,0335,0334,0334,0330,0304,0335,0320,
0236:0341,0340,0330,0335,0312,0337,0306,0362,0203,0335,0335,0203,0203,0335,0335,0203,0203,0335,0335,0203,0354,0304,0334,0336,0331,0313,0337,0306,0342,0335,0342,0335,0342,0335,0342,0335,0342,0335,0342,0335,0330,0335,0335,0350,0335,0312,0337,0362,0203,0335,0335,0335,0335,0203,0335,0335,0335,0335,0203,0354,0335,0335,0335,0336,0362,0203,0335,0335,0203,0335,0335,0203,0335,0335,0203,0335,0335,0203,0335,0335,0203,0354,0334,0334,0331,0306,0341,0313,0336,0304,
0240:0305,0350,0334,0330,0336,0366,0337,0331,0335,0330,0335,0335,0335,0335,0335,0336,0331,0331,0367,0366,0330,0330,0335,0335,0335,0335,0335,0337,0331,0335,0330,0336,0367,0337,0331,0335,
0241:0240,0240,0240,0240,0240,
0242:0305,0350,0335,0336,0213,0213,0213,0330,0330,0240,0334,0334,0331,0331,0214,0214,0214,0337,0335,
0243:0241,0242,0242,0242,0242,0242,
0244:0305,0350,0350,0336,0330,0330,0336,0336,0330,0337,0337,0240,0334,0334,0336,0336,0331,0337,0337,0331,0331,0335,0337,0351,
0245:0244,0244,0244,0244,0244,0244,0244,0244,0244,0244,
01220:0333,0200,0332,0336,0333,0337,0220,0336,0333,0337,
01221:0333,0200,0336,0332,0337,0210,0221,0211,0336,0333,0337,
01222:0333,0200,0332,0336,0330,0336,0222,0337,0333,0333,0331,0337,
01223:0333,0200,0336,0330,0332,0332,0330,0223,0333,0333,0331,0331,0337,
01224:0333,0200,0336,0332,0332,0336,0330,0224,0331,0337,0337,0333,
01225:0333,0200,0336,0330,0330,0332,0332,0225,0333,0333,0331,0331,0337,
01226:0333,0200,0336,0336,0330,0330,0332,0336,0330,0332,0332,0226,0337,0337,0333,0331,0336,0336,0331,0337,0337,0337,
01227:0333,0200,0336,0332,0337,0336,0332,0336,0330,0337,0227,0304,0313,0336,0331,0331,0337,0337,0333,0333,0337,
01230:0230,0304,0333,0200,
01231:0333,0200,0332,0336,0330,0336,0231,0337,0333,0333,0331,0337,
01232:0333,0200,0336,0330,0332,0337,0336,0336,0331,0332,0331,0232,0336,0333,0331,0330,0333,0333,0333,0333,0333,0337,0337,0337,
01233:0333,0200,0336,0332,0336,0330,0332,0233,0333,0333,0333,0331,0336,0336,0330,0332,0337,0337,0337,0337,
01234:0333,0200,0336,0330,0332,0234,0333,0331,0337,
01235:0333,0200,0336,0330,0332,0337,0336,0235,0337,0336,0333,0331,0337,
01236:0333,0200,0336,0336,0330,0330,0332,0332,0236,0333,0333,0331,0331,0337,0337,
01237:0333,0200,0237,
01240:0333,0200,0336,0332,0332,0333,0240,0334,0334,0304,0333,0337,
01241:0333,0200,0330,0336,0331,0332,0336,0241,0304,0337,0333,0331,0337,
01242:0333,0200,0336,0330,0332,0336,0241,0304,0333,0333,0331,0331,0337,0337,
01243:0333,0200,0336,0336,0330,0330,0332,0332,0243,0304,0337,0333,0331,0337,
