0220:0336,0336,0336,0336,0334,0362,0203,0335,0337,0337,0337,0203,0335,0336,0336,0203,0335,0337,0337,0203,0335,0336,0336,0336,0203,0363,0335,0337,0337,0337,0337,
0221:0336,0336,0332,0337,0337,0362,0203,0335,0336,0203,0335,0337,0337,0203,0335,0336,0336,0203,0335,0337,0203,0364,0330,0336,0336,0333,0337,0337,0220,0335,0335,0330,0330,0220,0335,0335,0330,
0222:0332,0336,0332,0337,0221,0333,0333,0333,0221,0334,0336,0330,0333,0336,0331,0333,0337,0337,0201,0201,0336,0201,0334,0334,0333,0333,0333,0201,0201,0201,0201,0201,0334,0337,0330,0332,0336,0332,0331,0336,0330,0333,0337,0337,
0223:0336,0336,0336,0347,0337,0337,0337,
0224:0350,0335,0304,0223,0200,0332,0223,0330,0223,0333,0223,0331,0350,0334,0304,0310,0337,0342,0336,0350,0335,0330,0334,0334,0334,0310,0337,0342,0336,0332,0335,0335,0304,0313,
0225:0336,0332,0337,0223,0335,0201,0334,0223,0336,0332,0337,
0226:0336,0332,0337,0341,0340,0333,0341,0340,0336,0332,0337,
0227:0350,0334,0336,0366,0335,0330,0330,0335,0335,0335,0367,0333,0333,0334,0334,0334,0304,0337,
0230:0336,0336,0336,0347,0337,0330,0337,0337,0227,0336,0336,0331,0335,0330,0337,0337,0227,0336,0331,0335,0335,0337,0227,0334,0336,0336,0332,0330,0337,0337,0227,0335,0335,0336,0336,0330,0337,0337,
0231:0336,0332,0337,0341,0340,0333,0341,0340,0334,0306,0335,0330,0341,0340,0331,0334,0336,0330,0304,0335,0337,
0232:0330,0335,0335,0306,0335,0223,0201,0223,0334,0201,0223,0334,0201,0223,0334,0201,0223,0334,0201,0223,0334,0201,0334,0334,0337,0342,0336,0332,0335,0337,0342,0336,0332,0335,0337,0342,0336,0350,0335,0336,0312,0337,0313,0337,0201,0334,0334,0334,0334,0201,0334,0334,0334,0334,0201,0334,0334,0334,0334,0336,0312,0336,0335,0313,0337,0330,0334,0334,0334,0312,0337,0313,0201,0334,0334,0334,0334,0201,0334,0334,0334,0334,0201,0335,0334,0334,0334,0334,0334,0334,0336,0312,0337,0336,0336,0313,0337,0330,0335,0304,0335,
0233:0333,0331,0337,0200,0336,0336,0330,0332,0337,0200,0336,0333,0331,0350,0334,0310,0337,0342,0335,0337,0337,0337,0330,0334,0334,0334,0336,0336,0336,0342,0335,0337,0337,0337,0330,0334,0334,0334,0336,0336,0336,0342,0335,0337,0337,0337,0330,0334,0334,0334,0336,0336,0336,0342,0330,0330,0334,0304,0337,0313,
0234:0336,0336,0336,0336,0334,0362,0203,0335,0337,0337,0337,0337,0203,0335,0336,0336,0336,0203,0335,0337,0337,0337,0203,0335,0336,0336,0336,0336,0203,0363,0335,0337,0337,0337,0337,0330,
0235:0326,0334,0234,0336,0336,0336,0336,0347,0337,0337,0337,0337,0306,0335,0335,0304,0234,0234,0336,0336,0336,0336,0347,0337,0337,0337,0337,0306,0335,0335,0304,0234,0234,0306,0336,0336,0336,0336,0347,0337,0337,0337,0337,0335,0335,0304,0234,0335,
0236:0334,0336,0331,0337,0305,0336,0336,0336,0336,0321,0347,0320,0337,0337,0337,0337,0201,0336,0336,0336,0336,0322,0347,0320,0337,0337,0337,0337,0334,0334,0201,0336,0336,0336,0336,0326,0347,0320,0337,0337,0337,0337,0334,0334,0201,0336,0336,0336,0336,0327,0347,0320,0337,0337,0337,0337,0334,0334,0201,0336,0336,0336,0336,0324,0347,0320,0337,0337,0337,0337,0334,0334,0201,0334,0334,0350,0335,0311,0336,0201,0334,0334,0201,0334,0334,0201,0334,0334,0201,0334,0334,0201,0334,0334,0334,0337,0313,0336,0304,0335,0332,0337,
0237:0235,0336,0330,0336,0331,0332,0332,0337,0336,0333,0337,0234,0333,0331,0336,0332,0337,0234,0333,0331,0336,0332,0337,0234,0337,0331,0331,0332,0336,0330,0330,0331,0336,0330,0332,0330,0331,0332,0332,0333,0211,0211,0330,0336,0331,0337,0350,0335,0324,0362,0203,0335,0203,0335,0335,0335,0203,0335,0203,0363,0331,0320,0335,0335,0335,0362,0203,0335,0203,0335,0335,0335,0203,0335,0203,0363,0331,0335,0335,0335,0324,0362,0203,0335,0203,0335,0335,0335,0203,0335,0203,0363,0331,0320,0335,0335,0335,0362,0203,0335,0203,0335,0335,0335,0203,0335,0203,0363,0331,0335,0335,0335,0324,0362,0203,0335,0203,0335,0335,0335,0203,0335,0203,0363,0320,0331,0335,0335,0335,0362,0203,0335,0203,0335,0335,0335,0203,0335,0203,0363,0331,0335,0335,0335,0330,0334,0304,0332,0332,0332,0332,0336,0333,0333,0336,0330,0333,0337,0337,0337,0337,0336,0336,0336,0336,0332,0337,0337,0337,0211,0211,0211,
0240:0336,0331,0337,0224,0336,0331,0332,0332,0225,0333,0333,0333,0336,0226,0330,0333,0333,0330,0333,0330,0333,0330,0333,0227,0330,0330,0330,0330,0330,0330,0332,0332,0230,0330,0330,0332,0332,0330,0336,0331,0332,0333,0332,0337,0332,0332,0231,0332,0332,0332,0336,0331,0337,0330,0332,0332,0331,0331,0233,0331,0331,0332,0332,0333,0331,0331,0332,0332,0332,0331,0333,0333,0232,0337,0330,0330,0330,0330,0237,0333,0333,0333,0333,0333,0333,0333,0331,0332,0332,0332,0332,0332,0336,0333,0333,0333,0333,0333,0333,0333,0333,0330,0330,0330,0337,0337,0236,
0241:0336,0362,0203,0335,0203,0203,0203,0334,0203,0335,0310,0350,0335,0337,0203,0203,0335,0335,0203,0203,0335,0335,0335,0336,0203,0334,0334,0203,0203,0203,0335,0335,0203,0363,0304,0313,0337,
0242:0324,0362,0203,0335,0350,0203,0335,0335,0335,0310,0337,0203,0363,0334,0334,0334,0336,0320,0362,0203,0334,0337,0203,0334,0334,0334,0336,0203,0334,0337,0203,0363,0335,0336,0331,0335,0335,0335,0337,0324,0362,0203,0335,0336,0203,0335,0335,0335,0337,0203,0335,0336,0203,0363,0331,0320,0335,0335,0335,0337,0362,0203,0335,0336,0203,0335,0335,0335,0337,0203,0335,0336,0203,0363,0331,0335,0335,0335,0337,0324,0362,0203,0335,0336,0203,0335,0335,0335,0337,0203,0335,0336,0203,0363,0331,0335,0335,0335,0320,0337,0362,0203,0335,0336,0203,0335,0335,0335,0337,0203,0335,0336,0203,0363,0331,0324,0335,0335,0335,0337,0362,0203,0335,0336,0203,0335,0335,0335,0337,0203,0335,0336,0203,0363,0363,0331,0320,0335,0335,0335,0337,0362,0203,0335,0335,0335,0336,0203,0335,0335,0203,0363,0331,0304,0335,0313,0332,0332,0332,0332,0332,0332,0332,
0243:0332,0332,0332,0336,0241,0333,0333,0333,0333,0333,0241,0333,0333,0333,0333,0333,0241,0332,0332,0332,0332,0330,0330,0337,0332,0332,0332,0242,0331,0331,0331,0242,0330,0333,0333,0333,0330,
0244:0326,0336,0336,0350,0350,0334,0336,0362,0350,0203,0335,0203,0335,0203,0335,0203,0335,0203,0335,0203,0203,0334,0203,0334,0203,0334,0203,0334,0203,0334,0334,0203,0334,0203,0304,0335,0203,0335,0350,0350,0350,0203,0335,0203,0335,0203,0335,0203,0335,0203,0335,0203,0335,0203,0335,0203,0203,0334,0203,0334,0203,0334,0203,0334,0203,0334,0334,0336,0203,0363,0334,0334,0334,0334,0334,0304,0334,0336,0336,0336,0332,0332,0332,0332,0332,0332,0332,0332,0332,0332,0332,0332,0332,0332,0332,0331,0331,0331,0331,0332,0333,0331,0331,0337,0337,0337,0337,0337,0337,0337,0320,
0245:0235,0336,0336,0336,0332,0332,0336,0332,0337,0330,0337,0337,0244,0336,0333,0337,0244,0336,0333,0337,0244,0332,0211,0211,0211,0331,0336,0336,0332,0330,0336,0330,0330,0332,0332,0332,0336,0337,0243,0337,0337,0333,0333,0336,0336,0243,0337,0337,0333,0333,0336,0336,0243,
01220:0333,0200,0332,0336,0333,0220,0333,0337,
01221:0333,0200,0336,0332,0221,0336,0337,0333,0337,
01222:0333,0200,0336,0332,0222,0333,0337,
01223:0333,0200,0336,0330,0332,0337,0223,0336,0333,0331,0337,
01224:0333,0200,0336,0332,0337,0336,0224,0333,0337,
01225:0333,0200,0336,0330,0332,0225,0333,0331,0337,
01226:0333,0200,0336,0330,0336,0332,0332,0337,0226,0333,0331,0337,
01227:0333,0200,0336,0330,0332,0227,0333,0331,0337,
01230:0333,0200,0336,0330,0332,0230,0333,0331,0337,
01231:0333,0200,0336,0330,0332,0231,0333,0331,0337,
01232:0333,0200,0336,0330,0332,0232,0333,0331,0337,
01233:0333,0200,0336,0330,0332,0233,0333,0331,0337,
01234:0333,0200,0336,0330,0332,0234,0333,0337,0331,
01235:0333,0200,0336,0332,0235,0333,0337,0320,
01236:0333,0200,0336,0330,0332,0236,0333,0331,0337,
01237:0333,0200,0336,0332,0237,0336,0330,0332,0337,0337,0337,0333,0320,0336,0332,0336,0331,0336,0330,0336,0332,0332,0336,0333,0337,0337,0337,0337,
01240:0333,0200,0336,0332,0332,0240,0333,0333,0337,
01241:0333,0200,0336,0330,0332,0332,0336,0241,0337,0333,0333,0331,0337,
01242:0333,0200,0336,0336,0332,0330,0330,0332,0330,0330,0332,0332,0242,0337,0333,0333,0337,0331,
01243:0333,0200,0336,0336,0330,0330,0332,0332,0336,0243,0331,0331,0337,0337,0333,0336,0331,0337,0337,
01244:0333,0200,0336,0332,0244,0333,0337,
